protein_id,predictor,position,score
DP00729,DISEMBL_COILS,1,0.83016
DP00729,DISEMBL_REM465,1,0.91623
DP00729,DISEMBL_HOTLOOPS,1,0.34107
DP00729,DISEMBL_COILS,2,0.73520
DP00729,DISEMBL_REM465,2,0.80171
DP00729,DISEMBL_HOTLOOPS,2,0.35711
DP00729,DISEMBL_COILS,3,0.63712
DP00729,DISEMBL_REM465,3,0.86128
DP00729,DISEMBL_HOTLOOPS,3,0.12871
DP00729,DISEMBL_COILS,4,0.51496
DP00729,DISEMBL_REM465,4,0.68399
DP00729,DISEMBL_HOTLOOPS,4,0.13117
DP00729,DISEMBL_COILS,5,0.29731
DP00729,DISEMBL_REM465,5,0.45830
DP00729,DISEMBL_HOTLOOPS,5,0.04098
DP00729,DISEMBL_COILS,6,0.30184
DP00729,DISEMBL_REM465,6,0.28754
DP00729,DISEMBL_HOTLOOPS,6,0.04615
DP00729,DISEMBL_COILS,7,0.23433
DP00729,DISEMBL_REM465,7,0.38594
DP00729,DISEMBL_HOTLOOPS,7,0.03195
DP00729,DISEMBL_COILS,8,0.20871
DP00729,DISEMBL_REM465,8,0.28568
DP00729,DISEMBL_HOTLOOPS,8,0.02598
DP00729,DISEMBL_COILS,9,0.15680
DP00729,DISEMBL_REM465,9,0.23272
DP00729,DISEMBL_HOTLOOPS,9,0.00602
DP00729,DISEMBL_COILS,10,0.13851
DP00729,DISEMBL_REM465,10,0.19021
DP00729,DISEMBL_HOTLOOPS,10,0.00304
DP00729,DISEMBL_COILS,11,0.12507
DP00729,DISEMBL_REM465,11,0.15197
DP00729,DISEMBL_HOTLOOPS,11,0.00919
DP00729,DISEMBL_COILS,12,0.13005
DP00729,DISEMBL_REM465,12,0.14609
DP00729,DISEMBL_HOTLOOPS,12,0.00975
DP00729,DISEMBL_COILS,13,0.14260
DP00729,DISEMBL_REM465,13,0.14539
DP00729,DISEMBL_HOTLOOPS,13,0.01981
DP00729,DISEMBL_COILS,14,0.16177
DP00729,DISEMBL_REM465,14,0.14549
DP00729,DISEMBL_HOTLOOPS,14,0.02572
DP00729,DISEMBL_COILS,15,0.19600
DP00729,DISEMBL_REM465,15,0.15445
DP00729,DISEMBL_HOTLOOPS,15,0.03227
DP00729,DISEMBL_COILS,16,0.24828
DP00729,DISEMBL_REM465,16,0.18271
DP00729,DISEMBL_HOTLOOPS,16,0.03922
DP00729,DISEMBL_COILS,17,0.30647
DP00729,DISEMBL_REM465,17,0.19526
DP00729,DISEMBL_HOTLOOPS,17,0.04296
DP00729,DISEMBL_COILS,18,0.37966
DP00729,DISEMBL_REM465,18,0.22549
DP00729,DISEMBL_HOTLOOPS,18,0.04985
DP00729,DISEMBL_COILS,19,0.45352
DP00729,DISEMBL_REM465,19,0.26111
DP00729,DISEMBL_HOTLOOPS,19,0.05989
DP00729,DISEMBL_COILS,20,0.52801
DP00729,DISEMBL_REM465,20,0.30394
DP00729,DISEMBL_HOTLOOPS,20,0.06834
DP00729,DISEMBL_COILS,21,0.59238
DP00729,DISEMBL_REM465,21,0.33735
DP00729,DISEMBL_HOTLOOPS,21,0.07432
DP00729,DISEMBL_COILS,22,0.65250
DP00729,DISEMBL_REM465,22,0.36753
DP00729,DISEMBL_HOTLOOPS,22,0.08130
DP00729,DISEMBL_COILS,23,0.71166
DP00729,DISEMBL_REM465,23,0.40132
DP00729,DISEMBL_HOTLOOPS,23,0.08722
DP00729,DISEMBL_COILS,24,0.74732
DP00729,DISEMBL_REM465,24,0.44738
DP00729,DISEMBL_HOTLOOPS,24,0.08593
DP00729,DISEMBL_COILS,25,0.76684
DP00729,DISEMBL_REM465,25,0.48621
DP00729,DISEMBL_HOTLOOPS,25,0.08523
DP00729,DISEMBL_COILS,26,0.77268
DP00729,DISEMBL_REM465,26,0.51000
DP00729,DISEMBL_HOTLOOPS,26,0.07955
DP00729,DISEMBL_COILS,27,0.76444
DP00729,DISEMBL_REM465,27,0.53495
DP00729,DISEMBL_HOTLOOPS,27,0.07832
DP00729,DISEMBL_COILS,28,0.74782
DP00729,DISEMBL_REM465,28,0.55637
DP00729,DISEMBL_HOTLOOPS,28,0.08577
DP00729,DISEMBL_COILS,29,0.72986
DP00729,DISEMBL_REM465,29,0.56319
DP00729,DISEMBL_HOTLOOPS,29,0.09467
DP00729,DISEMBL_COILS,30,0.71144
DP00729,DISEMBL_REM465,30,0.56957
DP00729,DISEMBL_HOTLOOPS,30,0.09737
DP00729,DISEMBL_COILS,31,0.69470
DP00729,DISEMBL_REM465,31,0.55851
DP00729,DISEMBL_HOTLOOPS,31,0.08404
DP00729,DISEMBL_COILS,32,0.68852
DP00729,DISEMBL_REM465,32,0.52932
DP00729,DISEMBL_HOTLOOPS,32,0.09211
DP00729,DISEMBL_COILS,33,0.68375
DP00729,DISEMBL_REM465,33,0.48342
DP00729,DISEMBL_HOTLOOPS,33,0.10096
DP00729,DISEMBL_COILS,34,0.68349
DP00729,DISEMBL_REM465,34,0.45301
DP00729,DISEMBL_HOTLOOPS,34,0.11150
DP00729,DISEMBL_COILS,35,0.69225
DP00729,DISEMBL_REM465,35,0.41322
DP00729,DISEMBL_HOTLOOPS,35,0.12058
DP00729,DISEMBL_COILS,36,0.70640
DP00729,DISEMBL_REM465,36,0.37040
DP00729,DISEMBL_HOTLOOPS,36,0.12429
DP00729,DISEMBL_COILS,37,0.72098
DP00729,DISEMBL_REM465,37,0.30812
DP00729,DISEMBL_HOTLOOPS,37,0.12392
DP00729,DISEMBL_COILS,38,0.74551
DP00729,DISEMBL_REM465,38,0.28456
DP00729,DISEMBL_HOTLOOPS,38,0.12408
DP00729,DISEMBL_COILS,39,0.76993
DP00729,DISEMBL_REM465,39,0.28092
DP00729,DISEMBL_HOTLOOPS,39,0.11964
DP00729,DISEMBL_COILS,40,0.77531
DP00729,DISEMBL_REM465,40,0.28138
DP00729,DISEMBL_HOTLOOPS,40,0.11025
DP00729,DISEMBL_COILS,41,0.78407
DP00729,DISEMBL_REM465,41,0.28437
DP00729,DISEMBL_HOTLOOPS,41,0.10433
DP00729,DISEMBL_COILS,42,0.81601
DP00729,DISEMBL_REM465,42,0.29294
DP00729,DISEMBL_HOTLOOPS,42,0.09770
DP00729,DISEMBL_COILS,43,0.82876
DP00729,DISEMBL_REM465,43,0.30881
DP00729,DISEMBL_HOTLOOPS,43,0.09677
DP00729,DISEMBL_COILS,44,0.83002
DP00729,DISEMBL_REM465,44,0.31331
DP00729,DISEMBL_HOTLOOPS,44,0.09119
DP00729,DISEMBL_COILS,45,0.83075
DP00729,DISEMBL_REM465,45,0.31133
DP00729,DISEMBL_HOTLOOPS,45,0.08326
DP00729,DISEMBL_COILS,46,0.79580
DP00729,DISEMBL_REM465,46,0.30633
DP00729,DISEMBL_HOTLOOPS,46,0.06886
DP00729,DISEMBL_COILS,47,0.75397
DP00729,DISEMBL_REM465,47,0.28425
DP00729,DISEMBL_HOTLOOPS,47,0.05425
DP00729,DISEMBL_COILS,48,0.69851
DP00729,DISEMBL_REM465,48,0.26478
DP00729,DISEMBL_HOTLOOPS,48,0.06219
DP00729,DISEMBL_COILS,49,0.62821
DP00729,DISEMBL_REM465,49,0.23529
DP00729,DISEMBL_HOTLOOPS,49,0.05823
DP00729,DISEMBL_COILS,50,0.54235
DP00729,DISEMBL_REM465,50,0.19772
DP00729,DISEMBL_HOTLOOPS,50,0.04964
DP00729,DISEMBL_COILS,51,0.46338
DP00729,DISEMBL_REM465,51,0.16088
DP00729,DISEMBL_HOTLOOPS,51,0.04230
DP00729,DISEMBL_COILS,52,0.37535
DP00729,DISEMBL_REM465,52,0.12790
DP00729,DISEMBL_HOTLOOPS,52,0.03393
DP00729,DISEMBL_COILS,53,0.30846
DP00729,DISEMBL_REM465,53,0.10399
DP00729,DISEMBL_HOTLOOPS,53,0.02652
DP00729,DISEMBL_COILS,54,0.25762
DP00729,DISEMBL_REM465,54,0.10417
DP00729,DISEMBL_HOTLOOPS,54,0.02225
DP00729,DISEMBL_COILS,55,0.22836
DP00729,DISEMBL_REM465,55,0.10019
DP00729,DISEMBL_HOTLOOPS,55,0.02081
DP00729,DISEMBL_COILS,56,0.22174
DP00729,DISEMBL_REM465,56,0.10058
DP00729,DISEMBL_HOTLOOPS,56,0.02128
DP00729,DISEMBL_COILS,57,0.24846
DP00729,DISEMBL_REM465,57,0.11573
DP00729,DISEMBL_HOTLOOPS,57,0.02542
DP00729,DISEMBL_COILS,58,0.29573
DP00729,DISEMBL_REM465,58,0.13638
DP00729,DISEMBL_HOTLOOPS,58,0.02881
DP00729,DISEMBL_COILS,59,0.32312
DP00729,DISEMBL_REM465,59,0.14878
DP00729,DISEMBL_HOTLOOPS,59,0.03268
DP00729,DISEMBL_COILS,60,0.36865
DP00729,DISEMBL_REM465,60,0.16272
DP00729,DISEMBL_HOTLOOPS,60,0.03541
DP00729,DISEMBL_COILS,61,0.41115
DP00729,DISEMBL_REM465,61,0.16870
DP00729,DISEMBL_HOTLOOPS,61,0.04055
DP00729,DISEMBL_COILS,62,0.42919
DP00729,DISEMBL_REM465,62,0.18057
DP00729,DISEMBL_HOTLOOPS,62,0.04418
DP00729,DISEMBL_COILS,63,0.43870
DP00729,DISEMBL_REM465,63,0.19117
DP00729,DISEMBL_HOTLOOPS,63,0.04675
DP00729,DISEMBL_COILS,64,0.43494
DP00729,DISEMBL_REM465,64,0.19681
DP00729,DISEMBL_HOTLOOPS,64,0.04793
DP00729,DISEMBL_COILS,65,0.43264
DP00729,DISEMBL_REM465,65,0.20168
DP00729,DISEMBL_HOTLOOPS,65,0.04775
DP00729,DISEMBL_COILS,66,0.43907
DP00729,DISEMBL_REM465,66,0.20011
DP00729,DISEMBL_HOTLOOPS,66,0.04271
DP00729,DISEMBL_COILS,67,0.43640
DP00729,DISEMBL_REM465,67,0.20230
DP00729,DISEMBL_HOTLOOPS,67,0.04545
DP00729,DISEMBL_COILS,68,0.43380
DP00729,DISEMBL_REM465,68,0.20883
DP00729,DISEMBL_HOTLOOPS,68,0.04983
DP00729,DISEMBL_COILS,69,0.44531
DP00729,DISEMBL_REM465,69,0.20471
DP00729,DISEMBL_HOTLOOPS,69,0.05338
DP00729,DISEMBL_COILS,70,0.46074
DP00729,DISEMBL_REM465,70,0.20214
DP00729,DISEMBL_HOTLOOPS,70,0.05682
DP00729,DISEMBL_COILS,71,0.47884
DP00729,DISEMBL_REM465,71,0.20942
DP00729,DISEMBL_HOTLOOPS,71,0.05569
DP00729,DISEMBL_COILS,72,0.50505
DP00729,DISEMBL_REM465,72,0.22543
DP00729,DISEMBL_HOTLOOPS,72,0.06152
DP00729,DISEMBL_COILS,73,0.54010
DP00729,DISEMBL_REM465,73,0.23422
DP00729,DISEMBL_HOTLOOPS,73,0.06575
DP00729,DISEMBL_COILS,74,0.56295
DP00729,DISEMBL_REM465,74,0.24546
DP00729,DISEMBL_HOTLOOPS,74,0.05419
DP00729,DISEMBL_COILS,75,0.60667
DP00729,DISEMBL_REM465,75,0.24811
DP00729,DISEMBL_HOTLOOPS,75,0.06544
DP00729,DISEMBL_COILS,76,0.63335
DP00729,DISEMBL_REM465,76,0.25724
DP00729,DISEMBL_HOTLOOPS,76,0.07277
DP00729,DISEMBL_COILS,77,0.63745
DP00729,DISEMBL_REM465,77,0.26902
DP00729,DISEMBL_HOTLOOPS,77,0.08950
DP00729,DISEMBL_COILS,78,0.62478
DP00729,DISEMBL_REM465,78,0.29940
DP00729,DISEMBL_HOTLOOPS,78,0.10205
DP00729,DISEMBL_COILS,79,0.60360
DP00729,DISEMBL_REM465,79,0.33259
DP00729,DISEMBL_HOTLOOPS,79,0.11267
DP00729,DISEMBL_COILS,80,0.56978
DP00729,DISEMBL_REM465,80,0.36254
DP00729,DISEMBL_HOTLOOPS,80,0.11770
DP00729,DISEMBL_COILS,81,0.54322
DP00729,DISEMBL_REM465,81,0.38618
DP00729,DISEMBL_HOTLOOPS,81,0.11876
DP00729,DISEMBL_COILS,82,0.49757
DP00729,DISEMBL_REM465,82,0.41283
DP00729,DISEMBL_HOTLOOPS,82,0.11197
DP00729,DISEMBL_COILS,83,0.42831
DP00729,DISEMBL_REM465,83,0.42478
DP00729,DISEMBL_HOTLOOPS,83,0.10715
DP00729,DISEMBL_COILS,84,0.38097
DP00729,DISEMBL_REM465,84,0.42425
DP00729,DISEMBL_HOTLOOPS,84,0.10621
DP00729,DISEMBL_COILS,85,0.34677
DP00729,DISEMBL_REM465,85,0.40633
DP00729,DISEMBL_HOTLOOPS,85,0.10192
DP00729,DISEMBL_COILS,86,0.33800
DP00729,DISEMBL_REM465,86,0.37988
DP00729,DISEMBL_HOTLOOPS,86,0.09255
DP00729,DISEMBL_COILS,87,0.33656
DP00729,DISEMBL_REM465,87,0.35853
DP00729,DISEMBL_HOTLOOPS,87,0.07468
DP00729,DISEMBL_COILS,88,0.36217
DP00729,DISEMBL_REM465,88,0.33840
DP00729,DISEMBL_HOTLOOPS,88,0.07118
DP00729,DISEMBL_COILS,89,0.41151
DP00729,DISEMBL_REM465,89,0.28655
DP00729,DISEMBL_HOTLOOPS,89,0.07283
DP00729,DISEMBL_COILS,90,0.48121
DP00729,DISEMBL_REM465,90,0.24463
DP00729,DISEMBL_HOTLOOPS,90,0.07665
DP00729,DISEMBL_COILS,91,0.55959
DP00729,DISEMBL_REM465,91,0.21857
DP00729,DISEMBL_HOTLOOPS,91,0.09908
DP00729,DISEMBL_COILS,92,0.61179
DP00729,DISEMBL_REM465,92,0.22504
DP00729,DISEMBL_HOTLOOPS,92,0.13022
DP00729,DISEMBL_COILS,93,0.74393
DP00729,DISEMBL_REM465,93,0.22641
DP00729,DISEMBL_HOTLOOPS,93,0.09881
DP00729,DISEMBL_COILS,94,0.71669
DP00729,DISEMBL_REM465,94,0.35981
DP00729,DISEMBL_HOTLOOPS,94,0.15713
DP00729,DISEMBL_COILS,95,0.78582
DP00729,DISEMBL_REM465,95,0.25862
DP00729,DISEMBL_HOTLOOPS,95,0.28554
DP00729,DISEMBL_COILS,96,0.79319
DP00729,DISEMBL_REM465,96,0.20298
DP00729,DISEMBL_HOTLOOPS,96,0.29345
DP00729,DISEMBL_COILS,97,0.76999
DP00729,DISEMBL_REM465,97,0.49210
DP00729,DISEMBL_HOTLOOPS,97,0.22499
DP00729,DISEMBL_COILS,98,0.66401
DP00729,DISEMBL_REM465,98,0.60919
DP00729,DISEMBL_HOTLOOPS,98,0.24056
DP00729,DISEMBL_COILS,99,0.77431
DP00729,DISEMBL_REM465,99,0.64396
DP00729,DISEMBL_HOTLOOPS,99,0.36110
DP00729,DISEMBL_COILS,100,0.83110
DP00729,DISEMBL_REM465,100,0.58964
DP00729,DISEMBL_HOTLOOPS,100,0.19944
